Rurociag L1
         Flow       vel            Re    lambda  Press. drop
0   0.010000  0.698623   6221.242767  0.035626     0.772805
1   0.012245  0.855456   7617.848286  0.033867     1.101517
2   0.014490  1.012290   9014.453806  0.032471     1.478866
3   0.016735  1.169123  10411.059325  0.031323     1.902834
4   0.018980  1.325957  11807.664844  0.030353     2.371766
5   0.021224  1.482791  13204.270363  0.029516     2.884264
6   0.023469  1.639624  14600.875882  0.028783     3.439125
7   0.025714  1.796458  15997.481401  0.028133     4.035294
8   0.027959  1.953292  17394.086921  0.027551     4.671837
9   0.030204  2.110125  18790.692440  0.027024     5.347917
10  0.032449  2.266959  20187.297959  0.026544     6.062778
11  0.034694  2.423792  21583.903478  0.026104     6.815729
12  0.036939  2.580626  22980.508997  0.025698     7.606138
13  0.039184  2.737460  24377.114516  0.025322     8.433422
14  0.041429  2.894293  25773.720036  0.024971     9.297041
15  0.043673  3.051127  27170.325555  0.024644    10.196492
16  0.045918  3.207961  28566.931074  0.024337    11.131305
17  0.048163  3.364794  29963.536593  0.024049    12.101040
18  0.050408  3.521628  31360.142112  0.023776    13.105282
19  0.052653  3.678461  32756.747631  0.023519    14.143639
20  0.054898  3.835295  34153.353151  0.023274    15.215744
21  0.057143  3.992129  35549.958670  0.023042    16.321244
22  0.059388  4.148962  36946.564189  0.022821    17.459806
23  0.061633  4.305796  38343.169708  0.022611    18.631115
24  0.063878  4.462630  39739.775227  0.022409    19.834867
25  0.066122  4.619463  41136.380746  0.022217    21.070773
26  0.068367  4.776297  42532.986266  0.022032    22.338556
27  0.070612  4.933130  43929.591785  0.021855    23.637953
28  0.072857  5.089964  45326.197304  0.021684    24.968708
29  0.075102  5.246798  46722.802823  0.021521    26.330577
30  0.077347  5.403631  48119.408342  0.021363    27.723325
31  0.079592  5.560465  49516.013861  0.021210    29.146724
32  0.081837  5.717299  50912.619381  0.021063    30.600558
33  0.084082  5.874132  52309.224900  0.020921    32.084614
34  0.086327  6.030966  53705.830419  0.020784    33.598689
35  0.088571  6.187799  55102.435938  0.020651    35.142586
36  0.090816  6.344633  56499.041457  0.020522    36.716114
37  0.093061  6.501467  57895.646976  0.020397    38.319088
38  0.095306  6.658300  59292.252496  0.020276    39.951329
39  0.097551  6.815134  60688.858015  0.020159    41.612663
40  0.099796  6.971968  62085.463534  0.020044    43.302921
41  0.102041  7.128801  63482.069053  0.019933    45.021940
42  0.104286  7.285635  64878.674572  0.019825    46.769558
43  0.106531  7.442468  66275.280091  0.019720    48.545622
44  0.108776  7.599302  67671.885611  0.019617    50.349981
45  0.111020  7.756136  69068.491130  0.019517    52.182486
46  0.113265  7.912969  70465.096649  0.019420    54.042996
47  0.115510  8.069803  71861.702168  0.019325    55.931369
48  0.117755  8.226637  73258.307687  0.019232    57.847469
49  0.120000  8.383470  74654.913206  0.019141    59.791165

Rurociag L2
         Flow        vel             Re    lambda  Press. drop
0   0.010000   1.273240    8398.677736  0.033051     4.822214
1   0.012245   1.559069   10284.095187  0.031419     6.873343
2   0.014490   1.844898   12169.512637  0.030124     9.227955
3   0.016735   2.130727   14054.930088  0.029059    11.873468
4   0.018980   2.416557   15940.347539  0.028159    14.799550
5   0.021224   2.702386   17825.764990  0.027383    17.997480
6   0.023469   2.988215   19711.182441  0.026703    21.459746
7   0.025714   3.274045   21596.599892  0.026100    25.179773
8   0.027959   3.559874   23482.017343  0.025560    29.151731
9   0.030204   3.845703   25367.434794  0.025071    33.370396
10  0.032449   4.131532   27252.852244  0.024625    37.831043
11  0.034694   4.417362   29138.269695  0.024217    42.529371
12  0.036939   4.703191   31023.687146  0.023840    47.461434
13  0.039184   4.989020   32909.104597  0.023491    52.623594
14  0.041429   5.274850   34794.522048  0.023166    58.012478
15  0.043673   5.560679   36679.939499  0.022863    63.624950
16  0.045918   5.846508   38565.356950  0.022578    69.458078
17  0.048163   6.132337   40450.774401  0.022310    75.509111
18  0.050408   6.418167   42336.191851  0.022058    81.775465
19  0.052653   6.703996   44221.609302  0.021819    88.254699
20  0.054898   6.989825   46107.026753  0.021592    94.944507
21  0.057143   7.275655   47992.444204  0.021377   101.842701
22  0.059388   7.561484   49877.861655  0.021172   108.947202
23  0.061633   7.847313   51763.279106  0.020976   116.256034
24  0.063878   8.133142   53648.696557  0.020790   123.767307
25  0.066122   8.418972   55534.114008  0.020611   131.479220
26  0.068367   8.704801   57419.531458  0.020440   139.390047
27  0.070612   8.990630   59304.948909  0.020275   147.498134
28  0.072857   9.276460   61190.366360  0.020117   155.801893
29  0.075102   9.562289   63075.783811  0.019965   164.299800
30  0.077347   9.848118   64961.201262  0.019819   172.990387
31  0.079592  10.133947   66846.618713  0.019677   181.872239
32  0.081837  10.419777   68732.036164  0.019541   190.943995
33  0.084082  10.705606   70617.453615  0.019409   200.204336
34  0.086327  10.991435   72502.871066  0.019282   209.651993
35  0.088571  11.277265   74388.288516  0.019158   219.285734
36  0.090816  11.563094   76273.705967  0.019039   229.104369
37  0.093061  11.848923   78159.123418  0.018923   239.106745
38  0.095306  12.134752   80044.540869  0.018811   249.291742
39  0.097551  12.420582   81929.958320  0.018701   259.658277
40  0.099796  12.706411   83815.375771  0.018595   270.205295
41  0.102041  12.992240   85700.793222  0.018492   280.931773
42  0.104286  13.278070   87586.210673  0.018392   291.836714
43  0.106531  13.563899   89471.628123  0.018294   302.919152
44  0.108776  13.849728   91357.045574  0.018199   314.178143
45  0.111020  14.135557   93242.463025  0.018106   325.612768
46  0.113265  14.421387   95127.880476  0.018016   337.222134
47  0.115510  14.707216   97013.297927  0.017928   349.005368
48  0.117755  14.993045   98898.715378  0.017842   360.961618
49  0.120000  15.278875  100784.132829  0.017758   373.090055

Spadki gorny
 0       5.093700
1       6.473017
2       7.701291
3       8.764664
4       9.680034
5      10.485309
6      11.231129
7      11.973942
8      12.770338
9      13.672549
10     14.725029
11     15.962021
12     17.406026
13     19.067083
14     20.942772
15     23.018856
16     25.270467
17     27.663765
18     30.157957
19     32.707612
20     35.265173
21     37.783581
22     40.218921
23     42.533012
24     44.695840
25     46.687758
26     48.501360
27     50.142943
28     51.633469
29     53.008945
30     55.272399
31     58.318160
32     61.440769
33     64.640013
34     67.915690
35     71.267602
36     74.695559
37     78.199375
38     81.778872
39     85.433875
40     89.164216
41     92.969730
42     96.850258
43    100.805645
44    104.835740
45    108.940396
46    113.119468
47    117.372818
48    121.700309
49    126.101808
Name: Press. drop, dtype: float64

Spadki dolny
 0      17.509800
1      23.346664
2      29.190830
3      34.918845
4      40.476442
5      45.861806
6      51.111149
7      56.286343
8      61.464476
9      66.729174
10     72.163538
11     77.844604
12     83.839172
13     90.200894
14     96.968507
15    104.165081
16    111.798171
17    119.860755
18    128.332836
19    137.183599
20    146.373991
21    155.859627
22    165.593889
23    175.531109
24    185.629714
25    195.855225
26    206.182979
27    216.600480
28    227.109230
29    237.725959
30    248.483108
31    259.428467
32    270.623842
33    282.142638
34    294.066240
35    306.479079
36    319.462258
37    333.085631
38    347.398214
39    362.416810
40    374.963433
41    390.455966
42    406.232982
43    422.293513
44    438.636617
45    455.261375
46    472.166892
47    489.352297
48    506.816739
49    524.559385
Name: Press. drop, dtype: float64

Spadki zastepczy rownolegle [ 10.          10.90909091  11.81818182  12.72727273  13.63636364
  14.54545455  15.45454545  16.36363636  17.27272727  18.18181818
  19.09090909  20.          20.90909091  21.81818182  22.72727273
  23.63636364  24.54545455  25.45454545  26.36363636  27.27272727
  28.18181818  29.09090909  30.          30.90909091  31.81818182
  32.72727273  33.63636364  34.54545455  35.45454545  36.36363636
  37.27272727  38.18181818  39.09090909  40.          40.90909091
  41.81818182  42.72727273  43.63636364  44.54545455  45.45454545
  46.36363636  47.27272727  48.18181818  49.09090909  50.
  50.90909091  51.81818182  52.72727273  53.63636364  54.54545455
  55.45454545  56.36363636  57.27272727  58.18181818  59.09090909
  60.          60.90909091  61.81818182  62.72727273  63.63636364
  64.54545455  65.45454545  66.36363636  67.27272727  68.18181818
  69.09090909  70.          70.90909091  71.81818182  72.72727273
  73.63636364  74.54545455  75.45454545  76.36363636  77.27272727
  78.18181818  79.09090909  80.          80.90909091  81.81818182
  82.72727273  83.63636364  84.54545455  85.45454545  86.36363636
  87.27272727  88.18181818  89.09090909  90.          90.90909091
  91.81818182  92.72727273  93.63636364  94.54545455  95.45454545
  96.36363636  97.27272727  98.18181818  99.09090909 100.        ]

Spadki zastepczy wszystko 0      12.984057
1      14.246327
2      15.521188
3      16.807890
4      18.105728
         ...    
95    145.864489
96    147.262248
97    148.661031
98    150.060946
99    151.462106
Name: Press. drop, Length: 100, dtype: float64
